,A1-A0SQ,A2-A04N,A2-A04Q,A2-A04T,A2-A0CM,A2-A0CS,A2-A0EU,A2-A0EX,A2-A0T6,A7-A0CH,A7-A0DA,A8-A08O,A8-A08P,AC-A2FB,AN-A0FV,AO-A0JM,AO-A1KR,AR-A1AQ,AR-A24Q,AR-A24Z,AR-A250,B6-A0IO,B6-A0RG,B6-A0RH,B6-A0RN,B6-A0RO,B6-A0RU,B6-A0RV,B6-A0X1,BH-A0B7,BH-A0BT,BH-A0DP,BH-A0DT,BH-A0GY,BH-A0RX,BH-A18M,BH-A1EO,BH-A1EY,BH-A1FH,BH-A1FL,BH-A1FM,C8-A12Z,C8-A134,C8-A137,C8-A1HG,C8-A1HL,C8-A274,C8-A278,C8-A27A,C8-A3M7,D8-A143,D8-A145,D8-A1JF,D8-A1JL,D8-A1JS,D8-A1X6,D8-A1X9,D8-A1XB,D8-A1XG,D8-A1XT,D8-A27H,E2-A14N,E2-A14Q,E2-A14X,E2-A156,E2-A1BD,E2-A1IU,E2-A1LK,E9-A1N5,E9-A1NA,E9-A1R7,E9-A1RB,E9-A1RE,E9-A1RI,EW-A1P3,EW-A2FW,GM-A2D9
A1-A0SQ,0.5735602804716395,0.012622226987926016,0.011563679723339472,0.010011120952387625,0.010500366636014141,0.013483442612653083,0.012755772906633371,0.012547983956227807,0.012678564134735192,0.013520625371442305,0.010756328927804034,0.012350683663728596,0.011134282364930066,0.012273815170640644,0.01113501949846419,0.012119252775780494,0.010411786270101343,0.010276029633178644,0.010527717267069683,0.013592688452741317,0.011961910815064739,0.013307209941450501,0.01270341149692717,0.011672516239412647,0.012628241445349762,0.012924021614743056,0.01098357091947379,0.012564175352300703,0.010137246983275698,0.011456577996527002,0.012197756051466342,0.012635803832643497,0.01306522147882375,0.013187240588872697,0.011773827888681834,0.012657871290748706,0.012050891317464157,0.011618513168825331,0.01196791321869881,0.013138867261325043,0.012859745452042631,0.011182591875841093,0.010176406138731818,0.011212617751591734,0.01187997939744715,0.012545342222363084,0.012535981146319009,0.010809282667788203,0.011752706330666265,0.012354100370891234,0.010256563465921804,0.012714402789129414,0.011219295502089032,0.010126708701537816,0.014670723179620213,0.013237103056381594,0.013657795534936068,0.01268200114122777,0.014310556883899546,0.01110714951424142,0.01053358255866681,0.010485871960617418,0.01563551721081151,0.010901382737088777,0.014006237281131484,0.013650295694159603,0.01336862940721844,0.010648416140062563,0.013604912434672845,0.011885198584445814,0.01245466524139743,0.011628918501192886,0.013578058246439794,0.01319305183319354,0.012736131592413952,0.01590387447145567,0.014267609265552896
A2-A04N,0.012622226987926016,0.5580784207157146,0.012882978746791104,0.010178237228551025,0.010600702533044893,0.01494291187180456,0.014781435899060905,0.014589808886882893,0.014692809442558248,0.01466023040133381,0.01129924651638027,0.01385469984149371,0.011718008917200203,0.014063562677461198,0.011037316238788748,0.011889033934266685,0.010571365126397439,0.010575182525989917,0.011126603399730388,0.01170545924935018,0.01230503471311968,0.013484462992520665,0.013172509101990078,0.0129556447955663,0.015008971339498179,0.012732681195853236,0.010634131479630118,0.014214028617703964,0.010175024555395712,0.011943670702409545,0.01370762318188155,0.0148854779548224,0.015323641052587322,0.012506805625987414,0.013165314372051632,0.014650332742033995,0.01423830188677098,0.01248933456162872,0.01324883358508484,0.014552667419344065,0.01169208075836737,0.011207989270648684,0.010852437589146707,0.011474246108855795,0.011174694300031481,0.011649940870741116,0.013401730680343869,0.010816828669237945,0.011287666874430755,0.014227023563616832,0.010459618824873304,0.0140776694826102,0.011500087901329867,0.01027904587227994,0.013552966997013503,0.013749600868389313,0.011837952745648462,0.01441881510464452,0.013679845162354994,0.010982864333576297,0.011366339690144242,0.010942926254562698,0.013582775161112474,0.011583891974873278,0.013766505099191247,0.014584642550651773,0.014861010396700298,0.010523025365705912,0.014035179199508254,0.011721802517556165,0.012196347450383449,0.01132925403877915,0.012455548287131885,0.013903061993074277,0.0146841056043381,0.012281556739308253,0.013615746319347668
A2-A04Q,0.011563679723339472,0.012882978746791104,0.5628254455545755,0.01256046866199068,0.012950425762158685,0.01280951098034671,0.01308168067907895,0.012640439864970815,0.0129799822422102,0.012749406575035016,0.012317786009721584,0.011845394480901536,0.012263850426422872,0.0157391151504741,0.011087053292935207,0.012712719044882392,0.012346664208207937,0.013267991913181211,0.012607353958252816,0.011134557019952033,0.011618512551791357,0.011560999935532324,0.011752208517611568,0.012533610624893565,0.013777107518098965,0.01163163415308505,0.012116030034244779,0.012715322582532216,0.012380817710692004,0.012299737911789729,0.012619177928854934,0.013337434456967875,0.012825636928104775,0.01182144729783618,0.016929995351396644,0.012102114884501237,0.012230499391649982,0.011940996633299457,0.014645956450139604,0.012226654642002266,0.011201647034676746,0.011290467587742627,0.012662909469529282,0.01140240364256287,0.012181645824848604,0.011252626361762254,0.011840211768899652,0.012175025244583361,0.010998930913024316,0.014235703535825373,0.012296806098525362,0.012855670118315675,0.011230758801291565,0.012486986514569786,0.012433083593727997,0.012362562621179943,0.011235823868543248,0.012208802559230812,0.012429467977906294,0.011268937627293484,0.01187979769513673,0.01340780340964242,0.011920093125512746,0.014003998214610996,0.012241451719977463,0.01260468095399746,0.012975651460585182,0.012353532089380628,0.012370518470661344,0.01146242151588032,0.01129177256128678,0.01173740255704657,0.011343112957184431,0.012223612222040915,0.013679008130862718,0.011422014226763321,0.011787046650909162
A2-A04T,0.010011120952387625,0.010178237228551025,0.01256046866199068,0.5787572768102686,0.016777374098424738,0.010075123727587173,0.010060494943138563,0.010212385040882208,0.009968003461172669,0.00999914309375619,0.01588096491313911,0.010204511818850404,0.012834752539667288,0.010511656462319129,0.011513956462774937,0.011327280864122354,0.015856405808210728,0.01745170209865591,0.014926235035294798,0.010465335135362597,0.010692420818978372,0.0100355707741593,0.010655989741927444,0.011103295472083946,0.010084629614653324,0.010137511197350096,0.01733308151592871,0.010282070938598733,0.017818836911922202,0.011342634810134,0.010733285250434505,0.01006368722540505,0.00995864784791976,0.010850295177852168,0.012100436120156108,0.009890190507390439,0.01038746251411219,0.010958474519360212,0.010573026603446358,0.010075528575570824,0.01049389094693286,0.012297180958592512,0.017024381837315555,0.011770921809105854,0.012728854110464073,0.010695516396437467,0.010276483295474658,0.013423401797673179,0.011652047848462811,0.010216547154293307,0.016152983224331164,0.00991653004771556,0.011806310640060437,0.01756584074359596,0.010042337788085694,0.010452970866808764,0.01063068051157031,0.01010474977978883,0.010068209433011767,0.012701921647752837,0.014361278614435858,0.016765098504300455,0.009970510614937138,0.015122217947356735,0.009910195127539,0.009951786677906214,0.009917052194000946,0.01676844810108076,0.010045629454873724,0.01140110640093859,0.010449180106304549,0.013309426003764608,0.010379741011443608,0.009979324938226092,0.010121222331209725,0.010417135601391295,0.009941430573054024
A2-A0CM,0.010500366636014141,0.010600702533044893,0.012950425762158685,0.016777374098424738,0.5742679565889615,0.010497005575718718,0.01045232699617798,0.01058589585034701,0.0103695100225017,0.010417177717702139,0.015685656606892293,0.010576383006467247,0.013496720609372268,0.010887101605023817,0.011664383434514553,0.011616258695894404,0.01487513945011361,0.017148333756590306,0.01450142069518235,0.010704085878427935,0.011330067952907686,0.010516676028240843,0.010942008422263647,0.011310304059907225,0.01046389432007732,0.010924440525485805,0.014995734482612391,0.010630158423190192,0.0167817759953246,0.011475152916041186,0.011922561402217091,0.010441343566255295,0.010464508680381304,0.011633554718760077,0.012374171813697956,0.010297105542861888,0.010731482269789903,0.011377972544079039,0.010838321532889085,0.010759454561212372,0.010742633943968554,0.012427180843728925,0.016301888015713105,0.01220292566482814,0.012462378587816882,0.01089129617179318,0.010943078754744616,0.013929070910235233,0.011127813134412586,0.010575400227457312,0.014494075452788639,0.010476223264568658,0.011634776107650784,0.01566228605712474,0.010373220632233459,0.010732045821642883,0.011227539027326722,0.010526908693077004,0.010484390467473948,0.013066831585561508,0.014004338284713124,0.016055027967098484,0.010310234808484966,0.015116797364563884,0.010285415475902834,0.01034545389211166,0.010318561596712942,0.0157302737453628,0.010446202253554103,0.011687643814497758,0.010934375379965172,0.01313431830677481,0.010904900690151561,0.010480421061929016,0.010499117546249936,0.01103314393037099,0.010277368329868843
A2-A0CS,0.013483442612653083,0.01494291187180456,0.01280951098034671,0.010075123727587173,0.010497005575718718,0.5590697264060196,0.01412063026041364,0.013790801169072369,0.014376555289095923,0.015523266868140586,0.011190547684080938,0.01290548753801958,0.011130882274286687,0.01383647657775936,0.01128995531329094,0.012371934428297308,0.010603099751410085,0.010473455945983388,0.010795956028539451,0.011990368358167214,0.011930574142063567,0.0135155074069544,0.012918698657836798,0.01306341864844936,0.014492451117620108,0.013780584296782035,0.010493855790524441,0.013140323515539593,0.010050025023445647,0.011821811578465175,0.01344142039415719,0.014608062414553336,0.015220760700271105,0.012166250713853617,0.013179172291701634,0.013797743480490027,0.013081602620322971,0.012341647408458466,0.012966879090860344,0.013328150765204952,0.01225566070497693,0.011278877132458835,0.010381930233592289,0.01136491918364975,0.011378881958759616,0.01233652014959274,0.01336316156931339,0.010827432831734839,0.011372289001674482,0.013689034952282852,0.010421135336481757,0.01391220317773836,0.011366243877268593,0.010190645724725944,0.014595840048526869,0.013645682701885454,0.012006755837193815,0.014306641498833591,0.01396895839378641,0.010885236887813812,0.010795771589858224,0.010901646085432686,0.014431526313384836,0.011416394416121535,0.014217269686711744,0.015366484786982583,0.014090656662521059,0.010341584713370693,0.014085709969198635,0.01199387153476612,0.012439231554371441,0.011968273931431947,0.012806590378371646,0.014131776331748724,0.014589743371809835,0.012973926170040116,0.014207913432285887
A2-A0EU,0.012755772906633371,0.014781435899060905,0.01308168067907895,0.010060494943138563,0.01045232699617798,0.01412063026041364,0.5615917936288005,0.014111131642652479,0.014512445810894652,0.014322638526900407,0.010676830275323918,0.013905873319374599,0.011366824185657211,0.014260463561194738,0.011088680606565482,0.013020324485742887,0.010479448660546724,0.010472658880864148,0.010774196094172987,0.012074105685213658,0.012810463111186247,0.013196387954563177,0.013112910445255262,0.012356556468313629,0.014703102516738332,0.012798706143016775,0.010502757986327958,0.013611566190092236,0.010030193527129421,0.011902961120347775,0.013508913317306248,0.015147320040704454,0.014332451733436929,0.013945684243648275,0.013483075169472345,0.013895417875793518,0.013466755513590204,0.012099049812506726,0.013468215968751883,0.013777487667665737,0.011938680774674134,0.011242036598237404,0.010369377252180591,0.011427092407481186,0.011476571758976001,0.011825529552246819,0.012899626841449635,0.010860244777840075,0.011569255872854269,0.01413863020409765,0.010415137573626016,0.014059474178269037,0.011362799515964639,0.0101792887498704,0.013516765831108246,0.013910938499392792,0.012379989723151463,0.013552281093400214,0.013644522652214976,0.010971940271426317,0.010659514864029829,0.010886923187365956,0.01338664450901414,0.011574179550545374,0.013961070099497964,0.013897806892729287,0.014685056378902557,0.010323898995096,0.013550576465299653,0.011673913428470163,0.012139123424434165,0.011854383462054675,0.013093861485827897,0.013746720825480334,0.01487390084886838,0.012727820702412587,0.012915250009186748
A2-A0EX,0.012547983956227807,0.014589808886882893,0.012640439864970815,0.010212385040882208,0.01058589585034701,0.013790801169072369,0.014111131642652479,0.5640247720516525,0.014243859763070587,0.013474589553997437,0.010862593407390115,0.013716964940033754,0.011329814462667816,0.01397135548966787,0.011396237800711669,0.01274504764202602,0.010661722298756258,0.010506473519387306,0.011545515952560655,0.011599692925823142,0.012665322668197155,0.012809572754069918,0.013144363739073534,0.01309810182047821,0.015026417463337476,0.012969260294913666,0.010825199983431778,0.014823037410023476,0.01016786376899612,0.012467550849580445,0.01434604813753244,0.014704073254480202,0.014106784446602223,0.013252279413646942,0.01305298913272155,0.014188875206568963,0.014028183841340951,0.012630973367219214,0.013704053861122558,0.014359730591866043,0.011767994989799396,0.011891701325188164,0.011043617856235238,0.012187654179805565,0.011331557845859031,0.011599045001826173,0.013359247405445269,0.01113709391662926,0.011272919242750572,0.013922944044453971,0.010449735031052097,0.013495582839201327,0.011681032148183779,0.010418373086617595,0.012901243253441524,0.013150307103231087,0.011783393893773694,0.013574515838611353,0.012961340233652995,0.011237950974008853,0.011109705247266826,0.010761814192923307,0.013340175631433198,0.011561697070913542,0.013044147552559934,0.013320655456881667,0.014473225178739002,0.010413889667091277,0.012936966017157383,0.011795516488377962,0.012504883801553637,0.011396934433231993,0.012254588751484788,0.013692514204690042,0.013918920659375989,0.012040357282653593,0.012912672264950058
A2-A0T6,0.012678564134735192,0.014692809442558248,0.0129799822422102,0.009968003461172669,0.0103695100225017,0.014376555289095923,0.014512445810894652,0.014243859763070587,0.560473985432059,0.014627347679261282,0.010681728088241771,0.013576446608382977,0.011136335636106914,0.014775057943662476,0.010986873049777962,0.011983740415464229,0.010381338037971179,0.010387205864325486,0.010822498907187856,0.011818265844561181,0.012531786108534507,0.013086438053336327,0.012195860013399866,0.012134343862329387,0.014521379386706775,0.013305797080813102,0.010500720397146116,0.013724515223714127,0.009933058916679848,0.01246517762769852,0.012724927856780147,0.015341308339153835,0.015310982007141153,0.01372283325383973,0.013286756499147259,0.015551479465418053,0.014198476438315847,0.012482496310318274,0.014166129172062121,0.013698132487832464,0.011840039223251423,0.01115548685922584,0.010329426164991926,0.011262506904395456,0.011117214213280862,0.011661433551251484,0.013590323743701772,0.010802346173632845,0.011285852634987655,0.014143404928335494,0.010331783560161208,0.016762869661194855,0.011378050417601045,0.010172436588284497,0.013458426731245738,0.013342444241439313,0.012332155361747359,0.014651179744463262,0.01383892470373643,0.011185048682185447,0.010780048064295545,0.010789665226073358,0.013524420028029241,0.011481503207632516,0.013641408937947158,0.013993156276858099,0.014688942880343961,0.010223787339419083,0.0140640563547748,0.01167505835499891,0.012343220148338635,0.011326422154946409,0.012328709166052268,0.0144888017844771,0.014106255477972491,0.012168005257550185,0.013226777249324945
A7-A0CH,0.013520625371442305,0.01466023040133381,0.012749406575035016,0.00999914309375619,0.010417177717702139,0.015523266868140586,0.014322638526900407,0.013474589553997437,0.014627347679261282,0.5585689462799409,0.010998992037165534,0.013525769749946197,0.011049284376508973,0.01391315125442879,0.011084388119222887,0.011784697034854623,0.010426027933527062,0.010426095325673741,0.01067099939066837,0.013022148757506184,0.012003058649922703,0.012927586343098835,0.012135341067153716,0.012080484323660786,0.014641249009391764,0.012907023763464658,0.010437016451905742,0.013535291539374338,0.009973691403765344,0.011812608833131372,0.012684410087033485,0.014673376309864055,0.015617050993505011,0.012069733120929866,0.01307033961027041,0.01395860537962604,0.013001432211496987,0.012080014750247616,0.013059892850592272,0.014033034180752819,0.012164560426121032,0.011291438529824005,0.01026373847736025,0.011223094362765508,0.011162948920340067,0.011922471072434326,0.013799738853639032,0.01071154874193325,0.011573261075003612,0.013730835558640114,0.010346695438628668,0.014236626931281627,0.011303341998888997,0.010138388264195091,0.014516942948232458,0.014053733225927305,0.012579609142986212,0.01488673629252154,0.015210289545111253,0.010903031675319006,0.010693034286208873,0.010848347794307999,0.014666025727013664,0.01136101378063119,0.015506843802001201,0.015278710852385071,0.014666823246116267,0.010215700265618438,0.014561869716752447,0.012234612152887351,0.012839196885173407,0.012095585528753176,0.012598544576308997,0.01438027522839819,0.014099323596240564,0.012729360373102103,0.013898003004893519
A7-A0DA,0.010756328927804034,0.01129924651638027,0.012317786009721584,0.01588096491313911,0.015685656606892293,0.011190547684080938,0.010676830275323918,0.010862593407390115,0.010681728088241771,0.010998992037165534,0.5771064797063828,0.010818464529147394,0.0128038645668525,0.010889358594884683,0.011712049250481492,0.01161558480603321,0.013146095561849357,0.014844963809572974,0.01572927657961396,0.010820385542187689,0.011280724059462396,0.010647157693286662,0.011529444474902957,0.011164357683378902,0.010626759019127909,0.010662799367784826,0.014825679364989252,0.010751266370039755,0.015736774972822526,0.011224202794393248,0.010896442083400529,0.01067023514342166,0.011048218658092319,0.011864563292958426,0.012093558353039692,0.01066872112617722,0.0112413304869565,0.01186350933651334,0.010960135830352512,0.01060186409239152,0.010887413839525874,0.011807059812731231,0.01739352413845717,0.011978672070318228,0.011669543378041419,0.010859924878975373,0.010968633832383261,0.012177671541181538,0.011231989022201468,0.010655014765919374,0.013898641002875575,0.01054594969916151,0.011825337393957615,0.015258733380971251,0.010603165332881047,0.010745502424696098,0.011327206816754046,0.011515046995860437,0.011112058803238702,0.013453884617578946,0.016936451757050427,0.014068464080172715,0.01065713238922136,0.013963303350051203,0.010579804343365687,0.010637014602381128,0.010562614828609687,0.014954312757630563,0.01068298478685524,0.012670051908390153,0.01175374709313545,0.011740410795490833,0.010678652635134546,0.010707044809478686,0.010639135697367975,0.010596532999991581,0.01058252839735785
A8-A08O,0.012350683663728596,0.01385469984149371,0.011845394480901536,0.010204511818850404,0.010576383006467247,0.01290548753801958,0.013905873319374599,0.013716964940033754,0.013576446608382977,0.013525769749946197,0.010818464529147394,0.5686281940316659,0.012421865645420846,0.012792537780478973,0.01152368756517968,0.011741423653816519,0.010455971627082592,0.010435187616102848,0.010876112286016282,0.012643820549464155,0.014366397560981849,0.013196509431586036,0.013416018714257984,0.011980398490526876,0.013881190546812796,0.012477667678635344,0.010954569993515295,0.014146913728673835,0.010166275684485963,0.012054319105856623,0.013746212007027525,0.01312623066716049,0.014146748694959903,0.01229389022334296,0.01194637974914042,0.014679207976734299,0.013071204733707976,0.012060425015412171,0.01292869490949293,0.01464168243411763,0.012684591451352506,0.011802907910548992,0.010481745975858355,0.011536239180551692,0.011132774635947595,0.011615572049417364,0.013219885144295436,0.010996433704404597,0.011690497953338734,0.012880374203292662,0.01044123764953482,0.013514844169042117,0.012315342134288804,0.01026651323572727,0.012429817862375882,0.012672948762233516,0.013151336429101667,0.014355271607604955,0.013032371367179385,0.011638274906253538,0.010851033822031788,0.01066916663292514,0.012959995923438862,0.012278705185733664,0.013564083046393068,0.01282642375698445,0.014056770080215362,0.010403370625313286,0.0134577732159128,0.01205201865978562,0.013195983753912677,0.01121624122452847,0.013732621457550484,0.013967855026971052,0.012890662126099482,0.012185019708587813,0.01249317877706017
A8-A08P,0.011134282364930066,0.011718008917200203,0.012263850426422872,0.012834752539667288,0.013496720609372268,0.011130882274286687,0.011366824185657211,0.011329814462667816,0.011136335636106914,0.011049284376508973,0.0128038645668525,0.012421865645420846,0.5729171584216863,0.011514556442845138,0.013473892349007508,0.012925254250220196,0.012505134636475733,0.013143694080498043,0.012145647434616536,0.012026455492807436,0.013928340277350935,0.011117583814981728,0.013100981637522732,0.012262723895377185,0.011206683350951475,0.011090605506488348,0.012761040781112438,0.011799082930078147,0.013842908208674806,0.013014183780622843,0.012155447802562783,0.011333157645024716,0.011147652289052365,0.01283813221166944,0.01202263474900293,0.011352921407797768,0.011422120074467475,0.012296954815774792,0.011245252335536667,0.011363370947421306,0.011985703184565651,0.013034352249401113,0.013074837092081855,0.013304801880147819,0.013203322200517984,0.012417363870243324,0.011183792458987495,0.014174733919443886,0.01146557110815193,0.011192355453318936,0.01237287772042229,0.011014943300963222,0.013658447227458933,0.01311813444274674,0.011062155609536991,0.011902365329223234,0.012507551129685402,0.011207492366147615,0.011104651765319657,0.013522100688816353,0.012022470115212028,0.012588530513774426,0.011047791531466275,0.012259992593845546,0.011007504050032965,0.010998853921629564,0.011170973531249758,0.01279307638588146,0.012104588356766768,0.013409804922613419,0.01170263802448214,0.012521914178527107,0.011329477213931783,0.011148732241749908,0.011253340600881893,0.01167213804049463,0.011012773615444081
AC-A2FB,0.012273815170640644,0.014063562677461198,0.0157391151504741,0.010511656462319129,0.010887101605023817,0.01383647657775936,0.014260463561194738,0.01397135548966787,0.014775057943662476,0.01391315125442879,0.010889358594884683,0.012792537780478973,0.011514556442845138,0.5605552950658357,0.01103070847062116,0.012763682115050655,0.010823575693143194,0.01098768319341531,0.011249988593962274,0.011488348224530548,0.012036758777525546,0.012223894413759394,0.012155252268053487,0.012617170923107622,0.014932296701297424,0.01233911532928004,0.010924939807946404,0.014027625050848046,0.010480872799129147,0.012803365916890085,0.01295036189060762,0.014915860873579746,0.01452427564053091,0.012166175466561971,0.015876383883231694,0.013719279698116902,0.013411024546260877,0.012873189303030046,0.015756672147978646,0.013237516254371421,0.011476081032936195,0.011278074038884728,0.010745106372152658,0.011362805739310568,0.011305502680024195,0.011525534659512848,0.012553039168635618,0.011228934862681155,0.011154803036308494,0.01572394329471826,0.010765000755393064,0.01445617756808508,0.011283470080607729,0.010865209601336643,0.013198175767526226,0.013103202708765749,0.011652024956060629,0.01328841244157963,0.013339658574303557,0.011022739238911256,0.010988557385123974,0.011312766288923793,0.012928820184741816,0.012425642027228742,0.013173653181455818,0.013553277367546883,0.014299623068421382,0.010684241470444968,0.013486619611691557,0.011501221328821174,0.011666707560421189,0.011320720944934538,0.011882598798978013,0.013368493543973632,0.014615968047235736,0.011886939129421278,0.0126357399509782
AN-A0FV,0.01113501949846419,0.011037316238788748,0.011087053292935207,0.011513956462774937,0.011664383434514553,0.01128995531329094,0.011088680606565482,0.011396237800711669,0.010986873049777962,0.011084388119222887,0.011712049250481492,0.01152368756517968,0.013473892349007508,0.01103070847062116,0.581557546482477,0.01308370423194179,0.011948151053377888,0.011421676234341732,0.011360695215839758,0.011571404330746247,0.01408763130065796,0.011174275695992324,0.012336491106244168,0.01249528158228324,0.010956288348362016,0.011153048961946747,0.012003109997509242,0.011015960620489252,0.011623832503517373,0.013891518550063993,0.011307598037704841,0.011016512991479571,0.010954580184395265,0.011679462883921422,0.011144907234893642,0.011003576327777589,0.011256646398521546,0.011382538528906118,0.010953842318218557,0.01099947336322829,0.011836439033207084,0.015592432041317454,0.01143716790847881,0.015617892007775596,0.011467475696590707,0.013809393279970501,0.011259209721059649,0.014816003881314722,0.011903514335750964,0.010923287691583242,0.013186326373480769,0.010833605270548826,0.016141272879264923,0.012014694654617013,0.011757798397801927,0.011441244656046786,0.012237433570956847,0.011203845830343421,0.011154002740569567,0.014681610823623783,0.011708133601686564,0.01137958168734008,0.010979969120247273,0.011403528250403127,0.010904826324700172,0.010990106862010426,0.010947467954109419,0.011577290176056397,0.01115907231227541,0.01355206693070565,0.012104624066397875,0.012058269147271965,0.011319772284789264,0.011058818533507077,0.011075284116732035,0.011510548524308644,0.011349183783601976
AO-A0JM,0.012119252775780494,0.011889033934266685,0.012712719044882392,0.011327280864122354,0.011616258695894404,0.012371934428297308,0.013020324485742887,0.01274504764202602,0.011983740415464229,0.011784697034854623,0.01161558480603321,0.011741423653816519,0.012925254250220196,0.012763682115050655,0.01308370423194179,0.575299333645221,0.011263618251667797,0.01103389900236812,0.011714435991697195,0.011543451210704925,0.01315881426794071,0.011692150538479516,0.012849739604941318,0.013663319841881339,0.012579670802109163,0.011733610694449483,0.011610451768869122,0.012123014641199024,0.01138874561802786,0.01232219785415325,0.012658768740542867,0.01362715879423635,0.011786231008409219,0.013266312452748598,0.012932371036859274,0.011751678368800603,0.011823396612774987,0.01210807299339877,0.012967873056784207,0.011803938916348731,0.0121454911369277,0.013532546709486079,0.01110138889364623,0.01376498313563004,0.011517083469119909,0.013192216315653012,0.011718789399773437,0.01249857979544421,0.01134945173000609,0.01295613180486745,0.011106500846039596,0.0118217299519369,0.011680656319321067,0.011071718919875313,0.011773207362089894,0.011704836019963343,0.012532981271122644,0.011617194664972887,0.011679389641678863,0.012479722804674579,0.011162508788199983,0.011092126726321313,0.012406037523252547,0.011743789543169885,0.01163557627990398,0.011827306101268541,0.012084560466640604,0.01100028539916044,0.0117270432265307,0.013216706011055193,0.011747019197815322,0.012305109866688802,0.01209976128223561,0.011749317476436068,0.012973734872801988,0.011837018316924339,0.012142577461865253
AO-A1KR,0.010411786270101343,0.010571365126397439,0.012346664208207937,0.015856405808210728,0.01487513945011361,0.010603099751410085,0.010479448660546724,0.010661722298756258,0.010381338037971179,0.010426027933527062,0.013146095561849357,0.010455971627082592,0.012505134636475733,0.010823575693143194,0.011948151053377888,0.011263618251667797,0.5840164234068275,0.016656192153631212,0.013100542469029378,0.010709619773034081,0.010988941664881877,0.011296213691384744,0.011502907716590629,0.012733728775866331,0.010537819401849589,0.01051836263548915,0.014256698710472429,0.010558460179010307,0.015305109756298837,0.011584143503412648,0.01156724660948668,0.010502554369575128,0.010384541931514757,0.010895615468921276,0.012509799583547213,0.010274208697815068,0.01057280518609514,0.011416125899001709,0.010776524441352995,0.01037208304485215,0.010770109077200423,0.012369295936469198,0.01435687456290732,0.012261214374893494,0.013900063425825379,0.011031848837880085,0.01059427113796072,0.013925507072052055,0.011555128328905161,0.01063928325789389,0.014638970543369732,0.010462240596784335,0.011377602275244085,0.01505009543815605,0.011125251455702208,0.010899114816363624,0.010912835697461678,0.01042081470980764,0.010479087998806006,0.011995666564439126,0.012734531669266662,0.016572772312496493,0.010433387923512404,0.012802564588114532,0.010357644082536227,0.010682081835176258,0.010358930702784971,0.0150451423199136,0.010646694067609985,0.01124613684227263,0.010606589739204069,0.012445085661866874,0.010610900670219662,0.010375863478888216,0.010824399456760371,0.010756752344217664,0.010813049617771898
AR-A1AQ,0.010276029633178644,0.010575182525989917,0.013267991913181211,0.01745170209865591,0.017148333756590306,0.010473455945983388,0.010472658880864148,0.010506473519387306,0.010387205864325486,0.010426095325673741,0.014844963809572974,0.010435187616102848,0.013143694080498043,0.01098768319341531,0.011421676234341732,0.01103389900236812,0.016656192153631212,0.5764195087885391,0.014252420007916738,0.01063534644456399,0.01101301448254953,0.010263724651845298,0.010907518245807872,0.0111518094708386,0.010526464230489564,0.010462326940375449,0.01536446140509289,0.010529876404339493,0.017129359209417085,0.011423623553937876,0.011200265638319138,0.010483077940108759,0.01037081462826664,0.011000641567506832,0.012771470903326077,0.010200820133112548,0.010643088638089507,0.011051539269584913,0.010824178256718907,0.010385825080736627,0.010670923709772104,0.011765527402333283,0.016006543252372104,0.011594753597869371,0.01445821597802681,0.010800283086053207,0.010472004648169938,0.013962584026352087,0.011366776909404228,0.010581034801405164,0.0154164598379809,0.01030793853325769,0.011539436525047051,0.016479684499541514,0.01036972577985409,0.01091800140506496,0.011143057422792809,0.01043771277683794,0.010499427776300474,0.012673529960362806,0.01340822457361004,0.01651358227771315,0.010233591677328529,0.014450323946783262,0.010251441761348703,0.010319835581126226,0.010293519086369132,0.015700994274925828,0.010416699592104589,0.011379465321769151,0.010626439508920754,0.01261658445324271,0.010521770144252159,0.010426121576179788,0.010558292954200814,0.010946313307900659,0.010183595126846714
AR-A24Q,0.010527717267069683,0.011126603399730388,0.012607353958252816,0.014926235035294798,0.01450142069518235,0.010795956028539451,0.010774196094172987,0.011545515952560655,0.010822498907187856,0.01067099939066837,0.01572927657961396,0.010876112286016282,0.012145647434616536,0.011249988593962274,0.011360695215839758,0.011714435991697195,0.013100542469029378,0.014252420007916738,0.5769489291289022,0.010710980550750683,0.01133345393204839,0.01073981399658152,0.011922341379712145,0.012322862616835947,0.0108384115992468,0.010951938942664843,0.014688085442204412,0.011338698169540657,0.014721972128048632,0.011430167479933293,0.011106441207469472,0.010886173470557127,0.010742577631998578,0.01178907235562106,0.012261551676013688,0.010903241572607155,0.012103099637105456,0.014416831443265981,0.012085494791168109,0.010763965172791153,0.011135651870357664,0.011521576474678278,0.016173984554610867,0.011901937440586293,0.012758049371415066,0.010837441687421175,0.01114919621105077,0.012413547893443741,0.011143724005821292,0.010940963835530306,0.013530370833113568,0.010674826059920761,0.011804907132205432,0.01456038792486549,0.010562331381653332,0.0107519265869496,0.010938626092200818,0.01151401301906551,0.01067758723356613,0.012623308759197253,0.017772281655855402,0.013790401514835113,0.010552294195697965,0.013614910133478476,0.010528154998790673,0.01060244497915503,0.010712913792312314,0.013487512716870272,0.010586256577331045,0.011176609514839453,0.011292478009947239,0.011994200328451533,0.010758271743548903,0.011289467696775045,0.010801879669422152,0.010721805884305467,0.010566019641247952
AR-A24Z,0.013592688452741317,0.01170545924935018,0.011134557019952033,0.010465335135362597,0.010704085878427935,0.011990368358167214,0.012074105685213658,0.011599692925823142,0.011818265844561181,0.013022148757506184,0.010820385542187689,0.012643820549464155,0.012026455492807436,0.011488348224530548,0.011571404330746247,0.011543451210704925,0.010709619773034081,0.01063534644456399,0.010710980550750683,0.5782570859575524,0.012306870184979675,0.012220691973613824,0.01165915598324812,0.011260701143559336,0.011749757993076,0.012248331287181766,0.010649602759702663,0.011830452298313402,0.010866088724961875,0.011475358839765172,0.011501439365631569,0.011686649531259264,0.012006170230965275,0.011712769633889716,0.011182529528095762,0.012024534977878405,0.01163159316690491,0.011288660779331171,0.011517960733880506,0.01216225151975988,0.014133228793824094,0.011809918927609752,0.010521415410461421,0.011741730359444374,0.01206723390802866,0.013434377211727081,0.012905136292860317,0.011525891705103009,0.014049868779554685,0.011533714355136497,0.010866421090106401,0.01184171885631452,0.012384810532474515,0.010542778539281664,0.012745267078506584,0.0130018160044955,0.015079501800402793,0.012129719758254482,0.01389246537268776,0.011802514380749859,0.011149112056633173,0.011167605401355037,0.012736724161190932,0.010806384158539451,0.013431844677858504,0.012437386930585596,0.011902398959543627,0.01050679090753525,0.013329335489771605,0.013721226831501006,0.014333329914327841,0.01364015477302893,0.013300364164301394,0.012282384004393895,0.011692987360174635,0.013991221438675608,0.012344176545158642
AR-A250,0.011961910815064739,0.01230503471311968,0.011618512551791357,0.010692420818978372,0.011330067952907686,0.011930574142063567,0.012810463111186247,0.012665322668197155,0.012531786108534507,0.012003058649922703,0.011280724059462396,0.014366397560981849,0.013928340277350935,0.012036758777525546,0.01408763130065796,0.01315881426794071,0.010988941664881877,0.01101301448254953,0.01133345393204839,0.012306870184979675,0.5717810180594913,0.011994016927342789,0.012834837418759832,0.012361932957529787,0.012514097220194101,0.011934128244334326,0.010876330144139214,0.012361960613352811,0.010844841929777655,0.013456968833399554,0.012569504174101256,0.012148292643471881,0.012126333775923686,0.012796652742874892,0.011647490640677598,0.012511627202686726,0.01314120247349541,0.012029264830936841,0.01227821014192463,0.012701473403496847,0.012543414408316376,0.013015298132392286,0.010900116206410522,0.01355299458590008,0.011341408331456033,0.012917159863891355,0.0119493337722744,0.012890853328340588,0.011998111521598274,0.011996834809099952,0.010988450894954373,0.011966626577338633,0.013216455163863968,0.0109989521524805,0.011699781751305177,0.012019489124467785,0.013823761394503668,0.012649310619398623,0.01212159311750281,0.014755949137135717,0.011258128363189616,0.01104132852565641,0.011760068654738646,0.01162308778996466,0.011879013917643559,0.011780759558987178,0.012645517941410816,0.010845759857294256,0.012538739538941353,0.01287095744018921,0.012538022698026471,0.011886199101298886,0.012903411987048537,0.013113688554098623,0.01252848893131232,0.012025953459033917,0.011679650076919948
B6-A0IO,0.013307209941450501,0.013484462992520665,0.011560999935532324,0.0100355707741593,0.010516676028240843,0.0135155074069544,0.013196387954563177,0.012809572754069918,0.013086438053336327,0.012927586343098835,0.010647157693286662,0.013196509431586036,0.011117583814981728,0.012223894413759394,0.011174275695992324,0.011692150538479516,0.011296213691384744,0.010263724651845298,0.01073981399658152,0.012220691973613824,0.011994016927342789,0.5764346733255421,0.01386539460505974,0.012750953631048906,0.012934880124262771,0.01415399358914865,0.010379260427184636,0.01252232244880674,0.009988903901825063,0.011530265279571409,0.013545120005446503,0.012645583168534024,0.013426561144660218,0.012271194298901784,0.01172185506710307,0.013389007388432884,0.012940695309100424,0.012075215149356215,0.012184993298039772,0.014100938742911982,0.013075180794620342,0.011434425373385362,0.010280026605990904,0.011441327881790194,0.01115925940178503,0.012611097616192184,0.013712114092760252,0.01097603632981077,0.011522965652875462,0.01259386019404828,0.01045646409450714,0.012673247073876986,0.01124789226019629,0.01026793356396248,0.013304457042440598,0.01238887597139925,0.01184366136332254,0.013206601252711853,0.012742788050140976,0.010954619991399713,0.011160028394841075,0.010426930470895419,0.013086098872235961,0.010961802906793851,0.01271433286175525,0.013521830752132624,0.013003145332595426,0.010600148997466023,0.012570596889618226,0.012010647097626049,0.013316972587751486,0.011256429194392983,0.013636724735728337,0.013509335708334744,0.013339398781571653,0.013315434870394155,0.014221876191289428
B6-A0RG,0.01270341149692717,0.013172509101990078,0.011752208517611568,0.010655989741927444,0.010942008422263647,0.012918698657836798,0.013112910445255262,0.013144363739073534,0.012195860013399866,0.012135341067153716,0.011529444474902957,0.013416018714257984,0.013100981637522732,0.012155252268053487,0.012336491106244168,0.012849739604941318,0.011502907716590629,0.010907518245807872,0.011922341379712145,0.01165915598324812,0.012834837418759832,0.01386539460505974,0.5709690238000038,0.014314618794596091,0.012958960844502893,0.01240193777112825,0.01089425173251393,0.013061672336219266,0.010678454568786494,0.012324495416859916,0.013946083516142693,0.01250097801127742,0.012415680255910692,0.01285247367655594,0.011807871779501211,0.012754713575826986,0.012353958505417869,0.012849155134277396,0.012341599810684348,0.012727765324246257,0.012771156207540312,0.01228747240228192,0.010906947687263777,0.013302030250180058,0.011745214489851823,0.012659037847787512,0.012122865010088964,0.012033952772196616,0.011943781616956493,0.012396537553228781,0.011575627876402483,0.011988426683074281,0.012444569782903151,0.010835651817601141,0.012745794206424596,0.012137705346767783,0.012074331914073637,0.01216062129963044,0.011924607460131747,0.011483397002844445,0.011909592564129682,0.010851365962754241,0.012796737314302531,0.011564597982288113,0.012053355629673265,0.01275728207327052,0.012397272824557055,0.010851329404116499,0.01214177840440422,0.012535197698414609,0.012828109321936693,0.011394926305930645,0.012714797837585237,0.012139420164328726,0.013104208834215128,0.012867790589859204,0.012319364958718191
B6-A0RH,0.011672516239412647,0.0129556447955663,0.012533610624893565,0.011103295472083946,0.011310304059907225,0.01306341864844936,0.012356556468313629,0.01309810182047821,0.012134343862329387,0.012080484323660786,0.011164357683378902,0.011980398490526876,0.012262723895377185,0.012617170923107622,0.01249528158228324,0.013663319841881339,0.012733728775866331,0.0111518094708386,0.012322862616835947,0.011260701143559336,0.012361932957529787,0.012750953631048906,0.014314618794596091,0.5732133708823389,0.013058409488236777,0.011872474263933445,0.011070849395919182,0.012916186325078537,0.011108462097357791,0.011990546684383995,0.014240812437646109,0.012641025650029957,0.012119503639152165,0.0118497687018623,0.013097563573490883,0.011993249773469227,0.012987617514719095,0.013348541873808378,0.013080409226036503,0.012157533193234333,0.011669075451140147,0.013318114279976572,0.011122570878703577,0.01391551611597361,0.01218592649680018,0.01248860250454191,0.01193272108184418,0.012700749351004233,0.011131955947321966,0.013032635301431488,0.011077853580908242,0.011946111733490954,0.01152370393465468,0.01106954029671952,0.012820307490208929,0.01196339398680217,0.011392087439584898,0.01194643597941443,0.011849208496180244,0.011480301156588997,0.011949183278373014,0.011270192463168151,0.011994345853918096,0.012200431799224205,0.01184522139622067,0.012742112065159834,0.012324380409888482,0.011365985196579897,0.01181159863956385,0.011920824684522588,0.01161665854568096,0.01210954665459173,0.01156291607934283,0.011940342317015736,0.013572199150108951,0.011714502825269354,0.01308446716271313
