,A1-A0SF,A1-A0SJ,A1-A0SK,A1-A0SO,A1-A0SQ,A2-A04N,A2-A04P,A2-A04Q,A2-A04T,A2-A04W,A2-A0CM,A2-A0CP,A2-A0CS,A2-A0CX,A2-A0D0,A2-A0D2,A2-A0D3,A2-A0EO,A2-A0ES,A2-A0EU,A2-A0EV,A2-A0EW,A2-A0EX,A2-A0ST,A2-A0SX,A2-A0T0,A2-A0T1,A2-A0T2,A2-A0T3,A2-A0T5,A2-A0T6,A2-A0T7,A2-A0YC,A2-A0YD,A2-A0YE,A2-A0YF,A2-A0YI,A2-A0YJ,A2-A0YL,A2-A0YM,A2-A0YT,A2-A1FV,A2-A1FW,A2-A1FX,A2-A1FZ,A2-A1G0,A2-A1G1,A2-A1G4,A2-A259,A2-A25B,A2-A25C,A2-A25D,A2-A25E,A2-A25F,A2-A3KC,A2-A3KD,A7-A0CD,A7-A0CE,A7-A0CG,A7-A0CH,A7-A0D9,A7-A0DA,A7-A0DB,A7-A0DC,A7-A13D,A7-A13E,A7-A26E,A7-A26G
A1-A0SF,0.5742701393629628,0.015736247903481854,0.011309625516543183,0.011540940650415474,0.015938875286248162,0.01599790934792316,0.012184175647628673,0.013345504755826968,0.0117072285762401,0.013486715980070781,0.012378256796817835,0.015707001155733022,0.016173835997481747,0.014496244886219721,0.011426741156831247,0.011636383294656404,0.016380355064004957,0.016350196789880946,0.015174135068311157,0.014728009534629397,0.014566405261225105,0.014715088199902193,0.016107802973869108,0.013011864304953755,0.012356230402248867,0.012361052631028373,0.01408845589125848,0.01219005106229413,0.013848346231389207,0.016659945328763318,0.014919318614342895,0.0150346377113018,0.013989754291530963,0.015601290313732866,0.01208856221863846,0.013513678421376813,0.014068193129147304,0.011598545364420641,0.01522091628483365,0.011451910172339928,0.013846954350168944,0.014607607001671474,0.013385921786492939,0.014182005132654671,0.014941499362415022,0.01569847472231138,0.012668878749184743,0.01430916787646575,0.014028596581990158,0.014345499822807643,0.013619886873310085,0.014661162639903105,0.014174563218310218,0.01365816458540502,0.01621506961989233,0.015684741674112764,0.01560347270660576,0.011525452085295623,0.014503858364282491,0.01594056777783829,0.013759276650054914,0.012907579480791163,0.01572152792982722,0.014166363312559903,0.011858482124596434,0.012024581086000938,0.01489908494742772,0.013075948983434164
A1-A0SJ,0.015736247903481854,0.5800612616147669,0.011605081179402829,0.011148904961636376,0.016818347274533144,0.014411588020052355,0.011286581732845115,0.012766136584026075,0.010938960067073176,0.01313274922980149,0.011299697399166213,0.014865800273350875,0.014344123670566393,0.012793583403947706,0.01168189558632227,0.011371312708791707,0.014483114408979259,0.015360459747096312,0.015274043730878217,0.01494237115403678,0.01522944429916662,0.014694440239930051,0.015717976820080592,0.012601745288940694,0.011551216079461104,0.01127818564855671,0.012914104775831256,0.011446561496934949,0.014998475636369335,0.015174386039312433,0.014585874468386575,0.015254652038429182,0.014343548193583376,0.014418314645146372,0.011243302028385001,0.01369986371681474,0.014166152481540805,0.01108974499600805,0.015328053627280423,0.011085841514107346,0.016595857988085265,0.015543980431970151,0.015118392706671785,0.015153081508022683,0.013891538859575586,0.0159393807551956,0.012495342103945331,0.015105399671124908,0.014866809659160637,0.014442248908744602,0.013921628365740991,0.014768809259823046,0.015127686680264684,0.01299616556132073,0.01555492982475056,0.01498378259415313,0.015221481293820543,0.01130029689647936,0.014553266034790072,0.0144202572342983,0.015648562786058168,0.011466592383659976,0.014761553019056177,0.01592521830026488,0.011342919720224783,0.011261928221997803,0.014252316037274126,0.013273180446574639
A1-A0SK,0.011309625516543183,0.011605081179402829,0.6043981584469035,0.019028211702725145,0.011296279967586278,0.011168578872985849,0.015308277782926037,0.012837950160060185,0.019403723333642334,0.013208317391350526,0.015852238418150737,0.011304206592342332,0.01121770774495031,0.01323669938487549,0.017435437488889094,0.017484947601615314,0.011168671200420687,0.011081823324927822,0.011019346610290841,0.01113086656396575,0.010971760763363255,0.010812867405470104,0.011109783187124345,0.01424252450353149,0.0161896630504264,0.015527060352232159,0.01312904495971506,0.015984879482073933,0.011965831714006527,0.011177322544626157,0.010891716260570467,0.01135205699990375,0.011177565261653245,0.011000977099611307,0.01602566723469446,0.011388783001021831,0.01095290339758508,0.016031176924677457,0.010799506901491214,0.018694492400184674,0.012264962602118519,0.01144007526298237,0.011920483322577596,0.011364083419694946,0.011124740645467628,0.010879459814267321,0.013095874187673636,0.01129658228686059,0.011004752316461258,0.012423676488955808,0.012105139250794896,0.012227882108311224,0.01228210516855796,0.013085361083624066,0.010774217299143372,0.011094926866922903,0.010969689352352936,0.017510233198479448,0.01093621986120633,0.010974102478287855,0.012127157720524622,0.015508586689426547,0.010982097884813479,0.011690745413625244,0.015805041848016357,0.01920545369843648,0.01120476856857067,0.013102763777610372
A1-A0SO,0.011540940650415474,0.011148904961636376,0.019028211702725145,0.5893989429247898,0.011413706680841997,0.011389420121824034,0.016952467898711875,0.013090362330531883,0.019213391142287962,0.01406452110833829,0.01709985499099833,0.01151041093445232,0.011644812554405649,0.015021693658167704,0.01757256280851333,0.017051650253671294,0.01159069233725648,0.011446578635608193,0.011134904101326254,0.011287208255663142,0.011276767213489722,0.010865564401813355,0.011164322467137007,0.01395295373383773,0.01644549478561578,0.01843019716494071,0.014625312455819935,0.017777597873916758,0.012802422565714153,0.01181219502373351,0.011055329453431255,0.011590503084995953,0.011316101099019277,0.01126921528059581,0.018480463238373546,0.011674510295801509,0.011089780004997976,0.018112197599084195,0.010898545212665764,0.01886231448685078,0.011605313508093396,0.011089857546252534,0.011903901137791344,0.011517757474715229,0.011272086536580284,0.01104642607043101,0.013813932520887369,0.011373034565036192,0.011093329665555693,0.013779357961129893,0.011509679730587398,0.012520068062758922,0.012299743026054612,0.013787796306175899,0.010887516333367084,0.011247120642768196,0.011186393906893017,0.019136187677407643,0.01119450350955125,0.011272434129293102,0.011264136677618056,0.017365866127496563,0.011196961429183139,0.01106991761469395,0.016641464512027127,0.01799652751884047,0.011347448271346778,0.013416577385091007
A1-A0SQ,0.015938875286248162,0.016818347274533144,0.011296279967586278,0.011413706680841997,0.5805776951273703,0.014402129971578904,0.011426053076016279,0.012906422077735812,0.011032657071572853,0.0131391608145607,0.011432787319296204,0.014292286091841976,0.015324720194030809,0.012904403746467731,0.011222635410322025,0.011281662795475402,0.01532507510315289,0.01515430321911943,0.014474094652130488,0.014624230569134134,0.014456657295118703,0.01398074350682545,0.014573968532223449,0.01310956199216115,0.011751214693079246,0.011458213542139079,0.013164998283380271,0.012032309086534186,0.014672210876213981,0.01554477419787963,0.01432216567177527,0.013924550431386034,0.014313680692072676,0.014761192221214034,0.01134619795208424,0.014391351456116603,0.013855120048078751,0.011184283453761386,0.014142488046073834,0.011135903223748491,0.014916563433928226,0.015287145954747346,0.015047130655243894,0.015515326770238837,0.01382568256932145,0.016750781907140008,0.012635916387437027,0.01691636792753009,0.013815005826833726,0.014824746369082625,0.013861375890677072,0.014432206112594815,0.014487244756428708,0.013129619571830885,0.014858546662096711,0.016303118064142173,0.016217761083348367,0.01126339970700351,0.014348237696422437,0.01541510292878142,0.014308954992493919,0.011726080104081672,0.014803777460813773,0.015655053828794473,0.011914469081067004,0.011887343432125691,0.01441019540241676,0.012474705188793993
A2-A04N,0.01599790934792316,0.014411588020052355,0.011168578872985849,0.011389420121824034,0.014402129971578904,0.5631537448518527,0.011810921153132987,0.013862710247060811,0.011394627605044512,0.014437668941693006,0.011823404666476143,0.017966208555355054,0.016883209100424748,0.013304386530195885,0.01157047867290267,0.012153462556383294,0.016394957239080073,0.01675711984947427,0.016193388083924145,0.016600202176450553,0.015286191239347324,0.015166037057154594,0.016248476516237214,0.014317857007368633,0.012203914807401586,0.011764269129579726,0.013386617714255405,0.012010675805874923,0.014047011508842954,0.01648534904754003,0.01631587757687073,0.014735857273903271,0.015038015784864184,0.016711461047572245,0.01182917631738368,0.013921852638750324,0.014441579747276192,0.011594852277826358,0.015417158969005272,0.01147262478865165,0.013500773000274571,0.014229851914323653,0.01319880237149695,0.01451866069060993,0.015128870866804735,0.015273819571193684,0.013064934310038911,0.014113714448381103,0.015340194928076,0.013377005948492483,0.014038135722728273,0.013917242971462213,0.014293072304252474,0.01475075442054986,0.016326874540428485,0.01619792183726952,0.016146418468863655,0.011429308330923678,0.015184195741118622,0.01650674528017921,0.014123042884846355,0.012468205019666102,0.01650016228817694,0.013974091832576797,0.011893928890318744,0.011681729667918184,0.016115128177035386,0.01352993742347584
A2-A04P,0.012184175647628673,0.011286581732845115,0.015308277782926037,0.016952467898711875,0.011426053076016279,0.011810921153132987,0.5916928587290782,0.014356610536115632,0.01836255693785029,0.015794713454377295,0.0176046629439002,0.012623206794814476,0.012136337302791032,0.015183864873326416,0.0182449565201939,0.017004473230353236,0.01189494914237969,0.011800772340542056,0.011419409429490789,0.011458118922243566,0.011269389176429265,0.011078461328793233,0.011559014238870721,0.014339403035891748,0.016046123283218652,0.01926072827266225,0.015594961548883596,0.0191444696743652,0.011653006541693458,0.012194779072930432,0.011312700574887952,0.012016450209994433,0.011448743767094129,0.011555940853521313,0.01757387334402192,0.011576700064731922,0.011354571101796263,0.0168501577123686,0.011138937854359371,0.01625684542439778,0.011561449050591699,0.011128017725339064,0.011935299213175756,0.011737425561743491,0.011610427709338487,0.011313277265039046,0.013132969420478037,0.011094091790225372,0.011287321615883104,0.01246822277948847,0.011443155446758637,0.013962020233220924,0.011738356853972875,0.013330701956916498,0.011189919276925944,0.011551142832132578,0.011458084758975695,0.018660056746211587,0.011275575096002445,0.011564143474279833,0.011285779551189857,0.01733327939507011,0.011507480093105215,0.01111838544371598,0.016046190330431545,0.01593215360654077,0.011521012902259702,0.01310541031567325
A2-A04Q,0.013345504755826968,0.012766136584026075,0.012837950160060185,0.013090362330531883,0.012906422077735812,0.013862710247060811,0.014356610536115632,0.572214409334799,0.014244175558466413,0.013677420635501026,0.01462656940322972,0.014168450875667366,0.01379533307105572,0.013684507090321468,0.014294920201618676,0.01515942283521571,0.013656946959040243,0.01368329170901671,0.014158021516699381,0.014347826838570214,0.012931456088430035,0.013311172190304109,0.01405059493812496,0.016148714401460616,0.014730487673134299,0.013980766887797078,0.01447382649122246,0.014000972064540998,0.014998058684070517,0.01368295071672282,0.013647906403215365,0.01286598288393357,0.01563395608615577,0.013669685708736494,0.013610835386338444,0.015616000467906593,0.012953493097329589,0.013345191735354058,0.013188157852577287,0.013870949301089399,0.012726907363718409,0.012735379371523681,0.012416932702533731,0.01288458569297217,0.015993101014158028,0.012951676713278279,0.01593487366485069,0.012764718335930656,0.014421432218848246,0.012787830643359553,0.013026905992725334,0.014044459989896113,0.012928047403500724,0.014910107035573137,0.01316784573032153,0.014010105586693517,0.013666510482374331,0.013792463912368911,0.013166930587484773,0.013687053523361768,0.014201125813440987,0.013955017626323084,0.01367644968098,0.012608354151957024,0.014433827966394717,0.013106056301707693,0.014310224227820644,0.013919189637627493
A2-A04T,0.0117072285762401,0.010938960067073176,0.019403723333642334,0.019213391142287962,0.011032657071572853,0.011394627605044512,0.01836255693785029,0.014244175558466413,0.5838354183736739,0.014693450873095242,0.018772230898984624,0.011552758005151412,0.01151096764993571,0.014874306746950547,0.019271873491277357,0.019436047356792968,0.01138859665412663,0.011297400711101106,0.011087246598421127,0.011171366269918563,0.0109974554450913,0.010782992909069793,0.011067801202732847,0.015560720514018623,0.017544040218714693,0.018236362171766666,0.014240433594225338,0.01822083095792886,0.011602426432887416,0.011398663472008767,0.01099728746161716,0.011407780845645712,0.011224601793419168,0.011179021438669445,0.01813553519429737,0.011429418144198653,0.011182426728889404,0.01862274050728549,0.010812190667614541,0.019474000936831305,0.01176503588288664,0.010841263241191616,0.01136761399663621,0.011196974021149175,0.011290093192334259,0.010850406840841112,0.01456434567348035,0.010794941454409596,0.011092563714053379,0.01265799043496036,0.011311831425502402,0.012562025586206817,0.011622722737131906,0.01423302921639744,0.010797694263824157,0.011197701077720413,0.011047584054165529,0.019524442180481993,0.01116066738130761,0.011134496661282692,0.011075004153767222,0.01797848603424535,0.01111730503352518,0.010830863868151248,0.01715570376794881,0.018258330990447914,0.011248260427774295,0.014031284537593901
A2-A04W,0.013486715980070781,0.01313274922980149,0.013208317391350526,0.01406452110833829,0.0131391608145607,0.014437668941693006,0.015794713454377295,0.013677420635501026,0.014693450873095242,0.5820107793849787,0.0145793785283121,0.015050828636459212,0.01404348440947284,0.016890568610077518,0.015803448457249205,0.015406773550465533,0.013253004151776732,0.013553671719399248,0.013327542732201877,0.012956675763364008,0.012555424747295037,0.012483311511507549,0.013448916265115013,0.01430325261737771,0.014127759509428038,0.015384576981972955,0.0173479325165452,0.016253835076137826,0.012506294662157663,0.013451704445910359,0.012877378162388648,0.012665501687289889,0.012551378056189465,0.013127926130656567,0.016079830688358984,0.012357810341427578,0.012331861812553805,0.015323842859218065,0.012549762006334016,0.013743384361139904,0.012414490545965471,0.012284577217520382,0.012567576142063799,0.012393578697998193,0.012675346067505361,0.012585852860088627,0.013131817425388577,0.012215314959102799,0.01265200725606077,0.0131222963746528,0.012360878102770265,0.013783086916109723,0.012532669861760558,0.014060520286060162,0.012800658855911477,0.01395097597601928,0.01298065199211601,0.014237959187260103,0.012738919541613337,0.013117284754520524,0.012730307582486102,0.01560719974880212,0.013404327963472745,0.012216302190957656,0.014989762414473688,0.013514123894900441,0.013005339791821585,0.013175886137300002
A2-A0CM,0.012378256796817835,0.011299697399166213,0.015852238418150737,0.01709985499099833,0.011432787319296204,0.011823404666476143,0.0176046629439002,0.01462656940322972,0.018772230898984624,0.0145793785283121,0.5795279165437531,0.011910260381963307,0.011967724725565523,0.014947566596337423,0.01700328455762539,0.017770469546883178,0.012037316053744683,0.011772745683938117,0.011507556230069962,0.011598946999311386,0.011448008440189256,0.011232516459954326,0.01148780007883991,0.015309302749304445,0.018707951524762217,0.018345985271915076,0.015002878590824765,0.017896033371247448,0.011967671800948761,0.01182533819073326,0.011450505466835232,0.012327250233087401,0.011643477286046772,0.011755618334589657,0.01739663643975252,0.012179095143185681,0.011927400464074058,0.01806308557770087,0.011270065623022327,0.019095897716756474,0.011670524291879147,0.0116375565469677,0.011858192161269196,0.012059744199416798,0.012238054425462644,0.011310798362539683,0.014732092522527144,0.011261333816746003,0.011480665933629536,0.013479891013086033,0.01172398993723291,0.012583995236496254,0.012489069897763569,0.015023287168541486,0.011271404132790945,0.011614429099102668,0.01150137271490592,0.018014241015998522,0.011610999480563988,0.011630169338499027,0.01142765962162796,0.0179662843339152,0.01160525724919098,0.011243997041882274,0.01687585391929503,0.017877400904334886,0.011701190676327303,0.014209156178532332
A2-A0CP,0.015707001155733022,0.014865800273350875,0.011304206592342332,0.01151041093445232,0.014292286091841976,0.017966208555355054,0.012623206794814476,0.014168450875667366,0.011552758005151412,0.015050828636459212,0.011910260381963307,0.5643632834590828,0.016736237196301466,0.013760124587671192,0.011946825930700612,0.012419874222643634,0.01568694142542945,0.016684883123622714,0.01640908119665395,0.01593020622240892,0.014514350113828825,0.015121326452197423,0.016744657499720397,0.014037488881639323,0.012136131759740192,0.012025542272689376,0.01403318161015894,0.01264338963343466,0.01399308767196822,0.01628984331857533,0.015856591883788938,0.01480960063040693,0.014568392973262023,0.016136856089488137,0.011996648035709018,0.01373316356122267,0.014116026606679433,0.01171504705856221,0.014943812789023975,0.011537302875199516,0.013580120755829162,0.014343252567048052,0.013169085120670707,0.014004197910656062,0.014799682103629797,0.014747944095888806,0.013034287216215919,0.013873808401292542,0.014741465009503515,0.013322087067780437,0.014317940558536083,0.014821390731268027,0.01418120565176034,0.014533594718493987,0.015873965430630972,0.016081082211045834,0.015714154714436858,0.011591790719604849,0.014586142741601582,0.015733875388401163,0.014321175308534408,0.012263109599013219,0.016163406287465064,0.01390217775869641,0.012196377819072908,0.011710321711235386,0.01590096806832754,0.013045760844782546
A2-A0CS,0.016173835997481747,0.014344123670566393,0.01121770774495031,0.011644812554405649,0.015324720194030809,0.016883209100424748,0.012136337302791032,0.01379533307105572,0.01151096764993571,0.01404348440947284,0.011967724725565523,0.016736237196301466,0.5641912266724047,0.014393811570342585,0.011584197954571003,0.01179794485497146,0.017050919317923883,0.01749372500811655,0.015539076018346618,0.015927254719084443,0.015025114631420153,0.014600521417346315,0.015527070628665467,0.013895735122702932,0.012111155500160852,0.01246390694420106,0.014006728467021655,0.01263116554192702,0.01376977873945464,0.017118420656365062,0.015721687229794445,0.014178851349076505,0.014829838661722626,0.017076838786178314,0.012365063808587907,0.014193920404015233,0.014249203909122803,0.011746477394148313,0.014763945097217318,0.011541348161121626,0.013422538645780172,0.013961587905964853,0.013244643454165593,0.014067881194140396,0.01478391667418467,0.015409430137405878,0.012872127960202914,0.014385972858354149,0.01438358693489505,0.013783763113367178,0.013888400750437152,0.01412693734964249,0.013653522273183664,0.01475358665131856,0.015515147575567451,0.015821750522276697,0.016981253147288707,0.011694954151236368,0.014637538110298349,0.017533608363350068,0.013736370973432246,0.012548416948178768,0.016945012957407933,0.014051115475025593,0.011883073366297427,0.01181086922953321,0.015604003068600538,0.012909481413762565
A2-A0CX,0.014496244886219721,0.012793583403947706,0.01323669938487549,0.015021693658167704,0.012904403746467731,0.013304386530195885,0.015183864873326416,0.013684507090321468,0.014874306746950547,0.016890568610077518,0.014947566596337423,0.013760124587671192,0.014393811570342585,0.5769916923594723,0.01458083202616693,0.014057894378399008,0.013757414335693927,0.014167116736666825,0.012825790301479668,0.012825530042815208,0.013586645590199647,0.012431059829016676,0.013761952459568787,0.013404578748894955,0.013533025155489478,0.01655673386003291,0.018244722062458356,0.015821296242785284,0.012587454630189147,0.014247202538835048,0.012789210041701063,0.013748142614328648,0.012506813620913645,0.01319208382607899,0.015363244040851636,0.012529105683203982,0.012923254027482347,0.015940551563279573,0.01259114702560377,0.014044659009571064,0.013404734103655693,0.012341983219967843,0.01287842773160851,0.01267367925232334,0.012604450725629768,0.012947396246947915,0.013486732404273574,0.012689513828846989,0.01246669427366209,0.015386082265285098,0.0125996785587605,0.015322316886995788,0.012883113429553344,0.013976222912674236,0.012674414874044023,0.012971341824555617,0.01310358148359828,0.015038931877452175,0.012642924867764225,0.01352451989184817,0.01306346543450286,0.015436131457772825,0.013080492609887948,0.01237905747191419,0.014360273794390841,0.013914118315886896,0.01280942035493815,0.013047967551065763
A2-A0D0,0.011426741156831247,0.01168189558632227,0.017435437488889094,0.01757256280851333,0.011222635410322025,0.01157047867290267,0.0182449565201939,0.014294920201618676,0.019271873491277357,0.015803448457249205,0.01700328455762539,0.011946825930700612,0.011584197954571003,0.01458083202616693,0.5910524852419837,0.020308810536148126,0.01139010499994638,0.01136120057199394,0.011249680049394604,0.011303576392482346,0.011115164349215462,0.010908566408726353,0.011301623613725973,0.01606253861815135,0.015433058701724298,0.017722168884662853,0.014233576236785738,0.017864111611925287,0.01171240875144638,0.01144157840219117,0.011086687935787536,0.011563840148969308,0.011474075719202,0.011218118925701147,0.017143342929315193,0.011684313040428933,0.011256344391076957,0.017628164678720817,0.010943713030434062,0.017749710631703604,0.01225070807226061,0.01111173454445152,0.011894239287942157,0.01154896546799044,0.011346897074361886,0.010929216814702217,0.014173877463436482,0.010944355274911678,0.011238490483584258,0.012421884313578272,0.01146594964007736,0.013965823936518434,0.012334967741845539,0.013194677215036577,0.010937864320059608,0.011360657123911932,0.01116686885677555,0.018215013947963023,0.011162442638567957,0.011180208515216297,0.01129293288893458,0.016462972432836447,0.011227077901034128,0.011035940870461102,0.017538781130541196,0.015532485725950129,0.011359810624216565,0.013732185029142148
A2-A0D2,0.011636383294656404,0.011371312708791707,0.017484947601615314,0.017051650253671294,0.011281662795475402,0.012153462556383294,0.017004473230353236,0.01515942283521571,0.019436047356792968,0.015406773550465533,0.017770469546883178,0.012419874222643634,0.01179794485497146,0.014057894378399008,0.020308810536148126,0.5825647246894441,0.011637966605295766,0.011591810110395454,0.011630254316135088,0.01153215485239184,0.011306869089757168,0.011144133401289634,0.011540208834642456,0.015611525445406978,0.017223236024209127,0.017475162939400855,0.014549461828608046,0.017256914258316984,0.012406793808927404,0.01159064375323461,0.011373163970905216,0.011710011539521498,0.01174049018458121,0.011505404911500707,0.017340546255691393,0.011828744164931994,0.011802229179840217,0.017803240044767334,0.011215707602907897,0.017634156051721157,0.012296232631145085,0.011094659457229846,0.011451555483944971,0.01144799155641756,0.011819637821327236,0.011081514681279265,0.014652349998544416,0.011021079730625539,0.011639605303866906,0.012361337568547178,0.011783224033719501,0.012771045445978516,0.011765923113696952,0.014330362980703178,0.011190501665795442,0.01180535086602321,0.011371892646190594,0.01777782402535732,0.011362928552944112,0.01143626461781668,0.011557444047041149,0.017286182291379362,0.011497304279951773,0.011048424856656636,0.019106232675639254,0.015933502659740233,0.011668275588041021,0.015261762027486608
A2-A0D3,0.016380355064004957,0.014483114408979259,0.011168671200420687,0.01159069233725648,0.01532507510315289,0.016394957239080073,0.01189494914237969,0.013656946959040243,0.01138859665412663,0.013253004151776732,0.012037316053744683,0.01568694142542945,0.017050919317923883,0.013757414335693927,0.01139010499994638,0.011637966605295766,0.5636686837172329,0.016706809919482625,0.015576860773432406,0.015804347748429082,0.014796260138041507,0.014667080195546788,0.015099239958422788,0.013815750843288038,0.01216666836899585,0.012103481086941786,0.013562893252569656,0.012193890753899927,0.014025274094892922,0.018474902358785718,0.01575093894171227,0.0140870697116225,0.015174023157299665,0.016816569396831488,0.011852955376584328,0.014403069014054415,0.014418359528175863,0.011599962883606494,0.015008533093157892,0.011462125663303228,0.01390067540401296,0.01415599921684038,0.013515086264372155,0.014361281620535488,0.015022131391056095,0.01602110503693156,0.012847263521396344,0.015135520810551204,0.014674895088450704,0.014193620137193188,0.014392001761078091,0.013612688015659923,0.014144281542206219,0.014736409795513508,0.015531730623106354,0.016434713566843687,0.01710874832646859,0.011529333422195906,0.014671326004987079,0.018048426175664174,0.013859240790960708,0.012212158263884684,0.01681809748582283,0.014432180953961586,0.011729766736764792,0.011731530730962718,0.01571539589871529,0.013092176657658636
A2-A0EO,0.016350196789880946,0.015360459747096312,0.011081823324927822,0.011446578635608193,0.01515430321911943,0.01675711984947427,0.011800772340542056,0.01368329170901671,0.011297400711101106,0.013553671719399248,0.011772745683938117,0.016684883123622714,0.01749372500811655,0.014167116736666825,0.01136120057199394,0.011591810110395454,0.016706809919482625,0.562656750471739,0.016346129072443868,0.015657512979458516,0.015261195291172949,0.015089840719370654,0.016608139594866744,0.013817609906358705,0.01202182217660617,0.012200406231073239,0.013977216723244361,0.011995691318244696,0.013820529643023678,0.017116508572589888,0.01635201374724444,0.014660045116362486,0.014577200375048033,0.016994987499379388,0.011916681271577271,0.01383782184214802,0.014601554425597345,0.011552653215491282,0.015492213758592678,0.011364098844117366,0.013528205627992614,0.0141382752031428,0.013401454364640599,0.01415454609213828,0.015251613455626778,0.01615900704614001,0.012842201960938774,0.014433568036379168,0.014979750389197077,0.0139067984694422,0.013981514013293608,0.014222370364752775,0.013703189493683635,0.014749722057326078,0.01574086290843265,0.016215169026395446,0.01688498565298341,0.011500030185622297,0.015337370983867107,0.017069644488837132,0.013886304745131854,0.01238382821813149,0.016758762668957178,0.01414681706263507,0.011674565784856785,0.011638181251413401,0.01572080416113584,0.013153257224735013
A2-A0ES,0.015174135068311157,0.015274043730878217,0.011019346610290841,0.011134904101326254,0.014474094652130488,0.016193388083924145,0.011419409429490789,0.014158021516699381,0.011087246598421127,0.013327542732201877,0.011507556230069962,0.01640908119665395,0.015539076018346618,0.012825790301479668,0.011249680049394604,0.011630254316135088,0.015576860773432406,0.016346129072443868,0.5637561453052385,0.016308785986730363,0.014700049571772008,0.016945670687306374,0.016784433504280265,0.013804511930669125,0.011904392865421764,0.011398103700964664,0.012829708526575802,0.011559602381152195,0.01513279939010747,0.015674044479515835,0.016512195597399856,0.01481575536584135,0.015552843999835149,0.016338357592653046,0.011487579901892551,0.014738891995396713,0.015217439928052662,0.011224932246767051,0.016292851106372026,0.011205062035406249,0.01379175776324098,0.015139383764751296,0.013401205851706871,0.014146588064571933,0.01596354644127933,0.015772427325240507,0.013350011313624371,0.014189372991558286,0.015633851978602523,0.013370473613631115,0.014829302932162298,0.013775205700469834,0.014405994431891736,0.014581105788779546,0.01629060085312118,0.016676982024710255,0.015746587319766265,0.011097584552477096,0.01567238787383745,0.01575376921786166,0.015069337972125174,0.011662059445939597,0.01631678991802417,0.014259371889594367,0.011805018661737823,0.011456489319955982,0.016998624298989608,0.01324429973587924
A2-A0EU,0.014728009534629397,0.01494237115403678,0.01113086656396575,0.011287208255663142,0.014624230569134134,0.016600202176450553,0.011458118922243566,0.014347826838570214,0.011171366269918563,0.012956675763364008,0.011598946999311386,0.01593020622240892,0.015927254719084443,0.012825530042815208,0.011303576392482346,0.01153215485239184,0.015804347748429082,0.015657512979458516,0.016308785986730363,0.5659043183371468,0.01492546547414199,0.01582951282300705,0.015527969303549227,0.014144418054981579,0.011920049251175659,0.01145747330602014,0.012778632148075725,0.01161771832281436,0.015868893560207407,0.01564862214945529,0.0158929701670655,0.014356476664874312,0.01577722525259045,0.015725209567005342,0.011496047664837156,0.015424323787105183,0.014444956369848815,0.011288894347233992,0.014993979944794181,0.011306109296934402,0.014650921042068818,0.014545138375225603,0.013783099714807732,0.014960024797657697,0.015406114725059119,0.01477747459260464,0.013834114753771765,0.014894246301561272,0.016357449737957913,0.013977391469074611,0.014282247521947546,0.01366325557602574,0.015163554937792287,0.01449089418031168,0.015121924517959082,0.015587973812501661,0.016402223728105174,0.011178711266436927,0.015009501603227761,0.01587903704437562,0.01616880195470966,0.01170365480675132,0.015771736664584927,0.014373118609869074,0.011669064425668379,0.011556108612901295,0.016240324347039592,0.012956035189364456
A2-A0EV,0.014566405261225105,0.01522944429916662,0.010971760763363255,0.011276767213489722,0.014456657295118703,0.015286191239347324,0.011269389176429265,0.012931456088430035,0.0109974554450913,0.012555424747295037,0.011448008440189256,0.014514350113828825,0.015025114631420153,0.013586645590199647,0.011115164349215462,0.011306869089757168,0.014796260138041507,0.015261195291172949,0.014700049571772008,0.01492546547414199,0.5770221047741735,0.015764843828548387,0.015726634433949355,0.012896637054533169,0.011941682186801486,0.01131193693211292,0.012926294444923861,0.011703978920356725,0.0142235123022159,0.014558450302591064,0.016986378004055662,0.016568679759891167,0.01516981391146216,0.01531028852157679,0.011325753261426104,0.014404375870109945,0.017705428919337095,0.011321210184087976,0.016634660694762497,0.011432152620483662,0.015299756996653781,0.014167113376231832,0.013902589925604319,0.014525196679052211,0.015118201587928863,0.015234076182298623,0.01267905128088629,0.01545715742814274,0.014429880782578793,0.014608516783957316,0.01518965314127458,0.014731269943931029,0.014382999450677643,0.013397235692107021,0.015143181206034143,0.014570841846759237,0.01574578025262991,0.01102436933319731,0.0172696443326574,0.015314697667054379,0.014122336295094802,0.011522931315374976,0.015074074533340379,0.013765613095791697,0.011385750478754824,0.011224883326994013,0.014522994429677381,0.01404037343691171
A2-A0EW,0.014715088199902193,0.014694440239930051,0.010812867405470104,0.010865564401813355,0.01398074350682545,0.015166037057154594,0.011078461328793233,0.013311172190304109,0.010782992909069793,0.012483311511507549,0.011232516459954326,0.015121326452197423,0.014600521417346315,0.012431059829016676,0.010908566408726353,0.011144133401289634,0.014667080195546788,0.015089840719370654,0.016945670687306374,0.01582951282300705,0.015764843828548387,0.5742020809421924,0.015658195439866896,0.013067923787796663,0.011682556687376989,0.01106035584240131,0.012439996219481712,0.011203141885523044,0.015123148171181926,0.01471302215447014,0.017355132461435996,0.016259298483066224,0.015032566341765278,0.015831203875829897,0.011254820698745328,0.014377129380117353,0.016886734879203343,0.010936520614791199,0.017887647100336763,0.011029929793886041,0.014569516576819368,0.015356864329208287,0.01346490979869886,0.014034809923597532,0.01580787576385667,0.015624930986293913,0.013379630676126327,0.01404398733269923,0.01611034357866635,0.013163006232448524,0.014271221707453437,0.013424776423663113,0.013993759181901131,0.013742727141988393,0.017559181687488247,0.015128020981761216,0.014836570441745339,0.010822655608996864,0.016959570128164125,0.014926830126838635,0.01656162144986106,0.011315071418329579,0.015550023656843902,0.014748329903971213,0.011327902837208536,0.011136466262417545,0.01543670308949196,0.01319727020087607
A2-A0EX,0.016107802973869108,0.015717976820080592,0.011109783187124345,0.011164322467137007,0.014573968532223449,0.016248476516237214,0.011559014238870721,0.01405059493812496,0.011067801202732847,0.013448916265115013,0.01148780007883991,0.016744657499720397,0.015527070628665467,0.013761952459568787,0.011301623613725973,0.011540208834642456,0.015099239958422788,0.016608139594866744,0.016784433504280265,0.015527969303549227,0.015726634433949355,0.015658195439866896,0.5720195422340631,0.013394899119895047,0.01185927659724166,0.011532947272517087,0.013709341053165684,0.011662501562632708,0.015114499277943214,0.015519772099003157,0.01559825033149526,0.014742591305910907,0.014931020372158793,0.015106678216475222,0.011527178285888087,0.014198840506046787,0.014360800058123194,0.011399187938290402,0.015846025363450113,0.01120661830081433,0.013813644328041545,0.014975040835190485,0.013273160942642394,0.013968491642400323,0.014817599830888518,0.015317016486036453,0.013775820581439596,0.013971835604170087,0.01523853937485326,0.01333536767291726,0.014148525976409091,0.01505786491492945,0.014566201710842896,0.01374722350956073,0.015626266062595894,0.01563936536066937,0.01567812148871578,0.011170121066677382,0.015470699742656295,0.015045464733898587,0.015070538548357229,0.011800675234700807,0.015172265264793462,0.014634042975668674,0.01182786176428382,0.011372160205424213,0.01575726894169399,0.013726031242772968
A2-A0ST,0.013011864304953755,0.012601745288940694,0.01424252450353149,0.01395295373383773,0.01310956199216115,0.014317857007368633,0.014339403035891748,0.016148714401460616,0.015560720514018623,0.01430325261737771,0.015309302749304445,0.014037488881639323,0.013895735122702932,0.013404578748894955,0.01606253861815135,0.015611525445406978,0.013815750843288038,0.013817609906358705,0.013804511930669125,0.014144418054981579,0.012896637054533169,0.013067923787796663,0.013394899119895047,0.5702891062525933,0.016882808993106763,0.013934847439667667,0.014239230788545065,0.014376416445361272,0.01289986521861156,0.01379419454599785,0.01377671735266324,0.012736695804936683,0.013368275188684501,0.013808513488880075,0.013812242670064659,0.012934476770228989,0.01311801079222097,0.013851764123642887,0.013089091332877695,0.015320653332196706,0.012527736718470016,0.012590680140293862,0.012305172056629727,0.013207728672435932,0.013467707518274287,0.01288257661330374,0.014834947812798113,0.012501003846047978,0.013256960167409298,0.012742434184704847,0.012868030625151454,0.014282219516065967,0.013401602013765536,0.016405516117152442,0.01305491406188166,0.013742219400099679,0.013708889993061591,0.01419875926187829,0.013577246901008214,0.013759484669841452,0.012620276121915942,0.014006564192613188,0.013821766887452321,0.012491013297254654,0.013829229803145313,0.014075543304577446,0.013966289449649234,0.015115751433198725
A2-A0SX,0.012356230402248867,0.011551216079461104,0.0161896630504264,0.01644549478561578,0.011751214693079246,0.012203914807401586,0.016046123283218652,0.014730487673134299,0.017544040218714693,0.014127759509428038,0.018707951524762217,0.012136131759740192,0.012111155500160852,0.013533025155489478,0.015433058701724298,0.017223236024209127,0.01216666836899585,0.01202182217660617,0.011904392865421764,0.011920049251175659,0.011941682186801486,0.011682556687376989,0.01185927659724166,0.016882808993106763,0.5839915362550326,0.015165708873431305,0.014204443013269966,0.015657962995456416,0.01199740306669327,0.012079226392077265,0.012044304678576399,0.012478153475463861,0.011993365865035539,0.012132861419067342,0.01588120920996777,0.011998145434295622,0.011923975057649094,0.016355074324509618,0.011917968302960477,0.018757235907499066,0.011809461513665426,0.011494779112270335,0.012085152668092469,0.012078089119336517,0.012683512364463436,0.011753592946700218,0.014813237840677979,0.01142814327815414,0.011956206972091904,0.012638687341808608,0.012216133692339416,0.012905738354234027,0.012447360161195206,0.015206073436553552,0.011742616422491891,0.011964918775584702,0.011804990879641182,0.016318038580731616,0.012060627119620089,0.011927758167518305,0.011624091257357935,0.01663463563371608,0.01194218916506943,0.011424127864276074,0.015825215199459192,0.01749270535126648,0.012028837622996402,0.016807374069051792
A2-A0T0,0.012361052631028373,0.01127818564855671,0.015527060352232159,0.01843019716494071,0.011458213542139079,0.011764269129579726,0.01926072827266225,0.013980766887797078,0.018236362171766666,0.015384576981972955,0.018345985271915076,0.012025542272689376,0.01246390694420106,0.01655673386003291,0.017722168884662853,0.017475162939400855,0.012103481086941786,0.012200406231073239,0.011398103700964664,0.01145747330602014,0.01131193693211292,0.01106035584240131,0.011532947272517087,0.013934847439667667,0.015165708873431305,0.583020075524082,0.01613567134055901,0.01927584376084114,0.012035812113131893,0.011939110102900378,0.011341559055822193,0.011916724956889316,0.011402534149016381,0.011675263726340682,0.018522679272532348,0.011583345349810023,0.011391976163420643,0.019141423575720802,0.011124470378713641,0.016895153119852468,0.01154653388591946,0.011169562789328066,0.011837225166675947,0.011440054993189674,0.011474612448216634,0.011394960998241555,0.013758807636773333,0.011139255444601568,0.011246293537419834,0.012855131644661275,0.01140163660610024,0.013395996438562818,0.012138508829779467,0.013809788132742418,0.011206628661126337,0.01151972298205243,0.011506917474458646,0.019041067785255904,0.011313057539448034,0.01168585301337367,0.011300832861700118,0.019000283486942566,0.011668372636986484,0.011133021591527797,0.016961783465157948,0.017276705165100905,0.011554748909471318,0.013378705886449368
A2-A0T1,0.01408845589125848,0.012914104775831256,0.01312904495971506,0.014625312455819935,0.013164998283380271,0.013386617714255405,0.015594961548883596,0.01447382649122246,0.014240433594225338,0.0173479325165452,0.015002878590824765,0.01403318161015894,0.014006728467021655,0.018244722062458356,0.014233576236785738,0.014549461828608046,0.013562893252569656,0.013977216723244361,0.012829708526575802,0.012778632148075725,0.012926294444923861,0.012439996219481712,0.013709341053165684,0.014239230788545065,0.014204443013269966,0.01613567134055901,0.5811124638762271,0.01591491830100201,0.012460009920918598,0.013502813568380255,0.012803195943794827,0.013410547132710806,0.012519533958524568,0.013055174524743588,0.015091728085642232,0.012722069377003594,0.012762247082504698,0.015845977836200783,0.012565638143049639,0.014108348900202725,0.012825981435563353,0.012269013724425279,0.012488523673804697,0.01252039837259358,0.01262379899111704,0.012852195695531397,0.013023909861299768,0.012283492416117994,0.012465961300713937,0.013091154949872999,0.012348195242245867,0.014775155828217276,0.012762263013222294,0.014638572396196271,0.01265550793094556,0.012939717147781169,0.013094421176352792,0.015084271710038682,0.013035428892705862,0.01340969626104567,0.012362840806582514,0.015624050038816468,0.01303443813449513,0.012201833102839808,0.014255968733981106,0.013554555523486878,0.012778971012288535,0.013481903092873988
